3670.000000 4239.000000 10803.000000
12616.000000 3870.000000 1.000000
4561.000000 1507.000000 1.000000
3745.000000 2857.000000 1.000000
400.000000 434.000000 556.000000
543.000000 464.000000 1.000000
315.000000 293.000000 36.000000
334.000000 265.000000 378.000000
272.000000 174.000000 281.000000
383.000000 232.000000 1.000000
369.000000 133.000000 47.000000
416.000000 193.000000 1.000000
112.000000 77.000000 99.000000
59.000000 20.000000 1.000000
10.000000 77.000000 3.000000
38.000000 81.000000 178.000000
6.000000 8.000000 1.000000
3.000000 8.000000 1.000000
4.000000 7.000000 1.000000
3.000000 3.000000 7.000000
1.000000 4.000000 5.000000
4.000000 3.000000 2.000000
5.000000 4.000000 1.000000
6.000000 4.000000 8.000000
5.000000 4.000000 1.000000
2.000000 1.000000 1.000000
1.000000 1.000000 1.000000
3.000000 2.000000 3.000000
2.000000 1.000000 2.000000
1.000000 1.000000 0.000000
1.000000 1.000000 1.000000
2.000000 2.000000 4.000000
24.000000 13.000000 1.000000
2.000000 2.000000 1.000000
2.000000 1.000000 1.000000
30.000000 27.000000 2.000000
1.000000 1.000000 1.000000
1.000000 1.000000 0.000000
1.000000 1.000000 0.000000
1.000000 1.000000 1.000000
1.000000 1.000000 0.000000
1.000000 1.000000 0.000000
1.000000 1.000000 0.000000
1.000000 1.000000 1.000000
1.000000 1.000000 0.000000
1.000000 1.000000 0.000000
1.000000 1.000000 0.000000
1.000000 1.000000 1.000000
0.000000 0.000000 0.000000
0.000000 0.000000 0.000000
0.000000 0.000000 0.000000
0.000000 0.000000 0.000000
0.000000 0.000000 0.000000
0.000000 0.000000 0.000000
0.000000 0.000000 0.000000
0.000000 0.000000 0.000000
18.000000 17.000000 6.000000
18.000000 15.000000 4.000000
21.000000 12.000000 1.000000
29.000000 42.000000 1.000000
1.000000 2.000000 3.000000
2.000000 1.000000 1.000000
3.000000 2.000000 1.000000
3.000000 5.000000 1.000000
1.000000 1.000000 1.000000
1.000000 1.000000 0.000000
1.000000 1.000000 1.000000
2.000000 2.000000 1.000000
63.000000 59.000000 1.000000
53.000000 49.000000 9.000000
45.000000 59.000000 1.000000
60.000000 29.000000 46.000000
125.000000 79.000000 1.000000
56.000000 89.000000 6.000000
72.000000 112.000000 1.000000
91.000000 155.000000 3.000000
1.000000 0.000000 0.000000
1.000000 1.000000 1.000000
1.000000 1.000000 1.000000
1.000000 1.000000 0.000000
0.000000 0.000000 0.000000
0.000000 0.000000 0.000000
0.000000 0.000000 0.000000
0.000000 0.000000 0.000000
0.000000 0.000000 0.000000
0.000000 0.000000 0.000000
0.000000 0.000000 0.000000
0.000000 0.000000 0.000000
0.000000 0.000000 0.000000
0.000000 0.000000 0.000000
0.000000 0.000000 0.000000
0.000000 0.000000 0.000000
0.000000 0.000000 0.000000
0.000000 0.000000 0.000000
0.000000 0.000000 0.000000
0.000000 0.000000 0.000000
