-100.406569 -100.396015 -100.342312
-104.137202 -104.227637 -117.511667
-102.456964 -102.576731 -113.300000
-98.877300 -98.896117 -113.300000
-73.221417 -73.207426 -73.155540
-72.756490 -72.782729 -119.617500
-71.647411 -71.301195 -74.970888
-71.940711 -71.989855 -71.888823
-61.898913 -61.622058 -61.421661
-69.748104 -69.867862 -112.350000
-67.133387 -67.413900 -67.878464
-68.477226 -68.640134 -124.111211
-46.307088 -46.574687 -46.425683
-46.546671 -47.497660 -129.767265
-49.026865 -47.045737 -51.565991
-50.745523 -48.172327 -48.728836
-18.786550 -20.078516 -113.300000
-23.635706 -23.281900 -132.212681
-23.610765 -21.167812 -28.218750
-20.766865 -19.339786 -18.092065
-16.600000 -14.606187 -14.080000
-18.159583 -21.046352 -20.108022
-17.556465 -18.554546 -19.500000
-16.387466 -17.600587 -15.405547
-12.370000 -12.401667 -131.196925
-12.852917 -8.000000 -132.828988
-8.000000 -8.000000 -22.874750
-10.533333 -13.003333 -10.466667
-11.504583 -7.000000 -8.850000
-7.000000 -7.000000 0.000000
-7.000000 -7.000000 -15.600000
-10.325000 -10.325000 -10.037500
-22.526017 -18.257802 -133.419635
-8.850000 -12.782699 -6.000000
-14.184101 -6.000000 -6.000000
-20.070351 -20.135546 -69.613865
-5.000000 -5.000000 -134.718651
-5.000000 -5.000000 0.000000
-5.000000 -5.000000 0.000000
-5.000000 -5.000000 -4.000000
-4.000000 -4.000000 0.000000
-4.000000 -4.000000 0.000000
-4.000000 -4.000000 0.000000
-4.000000 -4.000000 -3.000000
-3.000000 -3.000000 0.000000
-3.000000 -3.000000 0.000000
-3.000000 -3.000000 0.000000
-3.000000 -3.000000 -133.967073
0.000000 0.000000 0.000000
0.000000 0.000000 0.000000
0.000000 0.000000 0.000000
0.000000 0.000000 0.000000
0.000000 0.000000 0.000000
0.000000 0.000000 0.000000
0.000000 0.000000 0.000000
0.000000 0.000000 0.000000
-36.034386 -36.266146 -37.671772
-31.787489 -32.020505 -35.379823
-31.114145 -31.278649 -124.489076
-33.656818 -33.496998 -130.849829
-15.600000 -11.800000 -11.116667
-12.678750 -15.600000 -25.030722
-8.000000 -11.800000 -124.958331
-10.533333 -10.850000 -123.680196
-6.000000 -6.000000 -5.000000
-6.000000 -6.000000 0.000000
-6.000000 -6.000000 -7.000000
-6.000000 -6.000000 -131.546054
-51.462247 -51.417049 -126.573956
-53.328059 -53.326186 -55.342832
-48.774321 -48.775900 -126.196881
-50.168235 -48.195739 -48.033055
-33.065304 -33.266608 -126.848971
-32.750109 -32.527209 -36.349350
-34.591569 -33.030272 -125.365855
-33.368911 -33.162097 -44.582415
-5.000000 0.000000 0.000000
-5.000000 -5.000000 -7.000000
-5.000000 -5.000000 -117.511667
-5.000000 -5.000000 0.000000
0.000000 0.000000 0.000000
0.000000 0.000000 0.000000
0.000000 0.000000 0.000000
0.000000 0.000000 0.000000
0.000000 0.000000 0.000000
0.000000 0.000000 0.000000
0.000000 0.000000 0.000000
0.000000 0.000000 0.000000
0.000000 0.000000 0.000000
0.000000 0.000000 0.000000
0.000000 0.000000 0.000000
0.000000 0.000000 0.000000
0.000000 0.000000 0.000000
0.000000 0.000000 0.000000
0.000000 0.000000 0.000000
0.000000 0.000000 0.000000
