-160.961300 -161.986120 -143.158640
-161.941780 -160.875820 -173.640369
-160.694263 -161.577010 -175.927733
-160.693507 -161.737338 -172.841760
-159.070189 -159.221353 -123.717780
-158.642739 -160.516334 -173.806617
-160.408277 -159.674799 -183.737136
-159.292215 -158.999840 -157.502370
-158.329115 -158.882918 -109.384590
-151.749875 -158.257409 -169.897080
-158.956590 -157.951936 -157.981412
-158.325943 -158.147971 -174.495557
-107.256172 -106.344169 -104.743468
-106.120834 -105.936062 -113.833737
-127.485984 -109.908809 -122.012196
-108.774287 -108.535850 -109.615511
-102.868912 -103.236249 -110.629418
-102.693792 -102.322228 -129.088943
-101.685822 -100.940367 -141.147877
-101.687350 -101.854041 -101.113032
-86.454098 -86.247094 -85.534961
-87.342279 -87.215823 -90.388397
-88.261482 -89.856880 -89.718159
-90.348348 -89.513145 -100.749981
-83.293911 -84.006315 -92.169299
-84.537813 -83.330320 -91.140057
-82.308257 -82.693257 -93.397928
-82.375763 -82.479771 -79.677215
-75.567251 -75.634427 -76.023914
-84.763647 -132.757210 -84.174086
-83.352322 -109.194244 -85.261185
-77.640976 -76.827627 -81.839208
-111.208794 -76.627384 -90.229867
-75.564930 -75.963475 -88.199596
-104.462845 -75.933158 -112.948607
-75.413362 -74.612293 -75.117387
-90.837234 -78.434552 -90.702629
-78.441324 -76.771603 -112.550333
-77.459625 -75.739604 -82.153279
-103.514236 -77.155753 -76.009888
-116.536767 -79.515113 -122.767343
-104.753268 -131.352378 -127.829753
-84.790254 -126.325171 -137.149988
-114.260234 -77.223881 -93.066366
-7.483378 -6.829997 -58.151133
-6.386032 -6.122008 -6.720077
-5.616021 -5.824560 -3.908672
-64.073257 -6.805642 -45.693120
-0.600000 -0.600000 -2.846549
-1.020000 -0.600000 -57.860957
-1.485000 -1.020000 -61.332735
-0.600000 -0.600000 -0.300000
-0.300000 -0.300000 0.000000
-0.300000 -0.300000 -57.747605
-0.510000 -0.300000 -0.300000
-0.300000 -0.300000 62.092329
-101.829679 -102.451956 -125.713141
-101.334421 -131.891183 -103.212769
-100.674267 -99.565927 -125.095035
-101.276154 -100.916339 -115.119652
-87.349459 -87.553275 -131.122179
-101.765263 -87.418903 -86.012825
-113.809997 -125.531291 -128.801492
-125.680072 -113.234836 -129.530542
-77.457700 -73.801520 -74.984494
-74.458461 -75.153139 -74.569464
-115.824486 -93.327518 -124.731437
-89.135034 -82.364862 -137.093716
-157.795395 -158.115203 -180.486189
-156.516764 -157.204131 -158.860762
-157.087720 -157.634967 -184.309578
-157.864059 -158.548341 -159.437405
-118.932601 -118.369975 -153.393871
-118.568208 -141.549124 -121.033947
-136.641541 -160.341048 -151.872267
-136.124074 -136.567616 -155.272074
-92.256081 -92.846774 -120.647806
-103.920381 -125.901170 -137.316805
-94.953995 -92.296605 -123.987072
-131.389468 -92.196595 -129.783143
-62.945564 -19.405627 -52.390399
-19.007391 -18.216541 -32.821861
-17.329675 -17.096348 -49.769233
-16.194715 -16.622112 -70.723882
-15.941611 -15.396642 -17.817834
-15.509191 -15.181962 -16.530628
-15.580667 -15.547560 -44.310844
-15.881745 -16.120289 -46.667227
-23.197352 -62.807577 -50.937465
-76.668446 -95.694005 -97.009707
-49.871640 -67.811584 -65.197609
-25.383056 -22.923239 -55.383175
-0.300000 -0.300000 0.000000
-0.300000 -0.300000 0.000000
-0.300000 -0.300000 -0.600000
-0.300000 -0.300000 0.000000
