-190.102979 -190.569353 -124.484654
-189.466827 -190.679768 -199.262531
-189.526053 -189.412274 -217.291522
-189.507390 -190.085979 -209.422120
-188.846563 -189.483928 -126.228601
-148.461133 -190.714755 -202.874436
-189.725674 -189.930392 -196.168583
-188.899067 -181.599333 -188.312801
-202.002098 -201.931630 -126.862975
-202.534322 -214.091588 -218.725352
-201.524005 -200.513658 -202.158532
-201.219512 -201.919212 -207.257270
-140.192931 -139.947256 -90.387870
-107.861477 -140.963571 -148.186545
-140.780683 -139.392736 -150.515357
-140.363717 -100.301907 -147.746298
-89.319073 -137.998934 -147.239787
-137.095089 -137.540959 -146.778105
-136.997988 -136.223301 -142.354529
-135.210408 -136.157551 -81.662684
-136.978474 -131.633623 -32.042984
-43.434287 -131.233405 -132.259155
-129.657254 -131.198192 -131.602591
-132.538465 -153.848295 -64.854253
-20.693857 -130.123468 -159.102639
-117.799570 -130.080497 -163.399594
-130.162600 -141.246069 -130.343128
-107.145161 -98.505581 -8.851835
-84.085760 -84.217767 24.139988
-4.495716 -84.131508 -97.835241
-83.932474 -79.709364 -97.305042
-88.114738 4.831245 -98.119594
45.516445 -84.159201 -128.883138
-84.295139 -103.023441 -129.706980
-83.273797 -82.601584 -105.057136
-82.875104 -83.108803 63.144630
-37.954483 -108.923715 -101.790634
-65.542849 -86.951873 -86.599716
-121.753959 -133.066515 -98.212992
-95.264098 -87.885883 72.674896
47.033621 -125.186274 -129.988806
19.080281 -123.466803 -124.047425
-22.215512 -117.093533 -126.337605
-136.008913 -139.973859 -12.067972
-48.671154 -92.799127 -52.230005
-34.138282 -80.225747 -34.257265
-23.592740 -29.900189 89.950060
74.195058 -103.365107 -109.685259
-11.728098 -78.405477 -67.626934
-11.197802 -11.689356 -56.811241
-78.680742 -81.487084 130.369249
-17.164309 -64.652008 -66.664978
157.976785 -0.300000 -0.600000
-0.300000 -0.300000 -52.381253
-0.510000 165.357985 -0.300000
-0.300000 -0.300000 180.781508
-142.407559 -113.707227 -151.280596
-140.908488 -149.781032 -90.633797
-105.071944 -143.095478 -152.649151
-124.446323 -153.652496 -151.081029
-129.793998 -50.237455 -139.846801
-159.007229 -153.890275 -49.438831
-147.547552 -130.786711 -152.107123
-130.715416 -52.593434 -144.177369
-82.217831 -23.954367 -82.626765
-81.859364 -81.698098 -15.384130
-81.915138 -82.164824 -132.523681
-82.332156 -38.224089 -126.954020
-193.699611 -171.124984 -209.589775
-192.704613 -192.033379 -160.356672
-192.653177 -192.629805 -200.149133
-192.912803 -193.603087 -206.347335
-174.746042 -168.304131 -186.640306
-163.564840 -178.982419 -189.534521
-163.326616 -162.376053 -167.924531
-159.043438 -158.817677 -164.302786
-81.714326 -110.415004 -126.104305
-83.468435 -83.437424 -90.045535
-83.638154 -104.178790 -90.558068
-121.352302 -128.519816 -48.196310
-43.255230 -68.611326 -102.424466
-61.173165 -77.443128 -97.256891
-103.157505 -65.294234 -102.050539
-65.172024 -65.416082 -57.433506
-59.038230 -62.085910 -84.540938
-66.573208 -76.276225 -84.934219
-85.839989 -116.433940 -104.990972
-114.888659 -115.606515 -114.818439
-16.210211 -19.794608 -20.439864
-69.518366 -31.070694 -60.100194
-92.255893 -69.147962 -41.351354
-20.209158 -16.395516 -59.272172
-0.510000 -0.510000 106.786506
-0.300000 -0.300000 -60.368507
-0.300000 -0.300000 0.000000
-55.619676 -0.300000 165.653440
